50.000000	[1.000000 0.628319]	[1.963172 62.469160 62.831853]
100.000000	[1.000000 0.628319]	[3.924407 62.376671 62.831853]
150.000000	[1.000000 0.628319]	[5.881770 62.222623 62.831853]
200.000000	[1.000000 0.628319]	[7.833327 62.007169 62.831853]
250.000000	[1.000000 0.628319]	[9.777154 61.730521 62.831853]
300.000000	[1.000000 0.628319]	[11.711332 61.392953 62.831853]
350.000000	[1.000000 0.628319]	[13.633953 60.994798 62.831853]
400.000000	[1.000000 0.628319]	[15.543118 60.536448 62.831853]
450.000000	[1.000000 0.628319]	[17.436944 60.018355 62.831853]
500.000000	[1.000000 0.628319]	[19.313562 59.441032 62.831853]
550.000000	[1.000000 0.628319]	[21.171120 58.805048 62.831853]
600.000000	[1.000000 0.628319]	[23.007785 58.111030 62.831853]
650.000000	[1.000000 0.628319]	[24.821743 57.359664 62.831853]
700.000000	[1.000000 0.628319]	[26.611206 56.551691 62.831853]
750.000000	[1.000000 0.628319]	[28.374406 55.687908 62.831853]
800.000000	[1.000000 0.628319]	[30.109605 54.769168 62.831853]
850.000000	[1.000000 0.628319]	[31.815088 53.796377 62.831853]
900.000000	[1.000000 0.628319]	[33.489175 52.770495 62.831853]
950.000000	[1.000000 0.628319]	[35.130211 51.692536 62.831853]
1000.000000	[1.000000 0.628319]	[36.736578 50.563562 62.831853]
1050.000000	[1.000000 0.628319]	[38.306691 49.384688 62.831853]
1100.000000	[1.000000 0.628319]	[39.838999 48.157078 62.831853]
1150.000000	[1.000000 0.628319]	[41.331992 46.881942 62.831853]
1200.000000	[1.000000 0.628319]	[42.784194 45.560539 62.831853]
1250.000000	[1.000000 0.628319]	[44.194174 44.194174 62.831853]
1300.000000	[1.000000 0.628319]	[45.560539 42.784194 62.831853]
1350.000000	[1.000000 0.628319]	[46.881942 41.331992 62.831853]
1400.000000	[1.000000 0.628319]	[48.157078 39.838999 62.831853]
1450.000000	[1.000000 0.628319]	[49.384688 38.306691 62.831853]
1500.000000	[1.000000 0.628319]	[50.563562 36.736578 62.831853]
1550.000000	[1.000000 0.628319]	[51.692536 35.130211 62.831853]
1600.000000	[1.000000 0.628319]	[52.770495 33.489175 62.831853]
1650.000000	[1.000000 0.628319]	[53.796377 31.815088 62.831853]
1700.000000	[1.000000 0.628319]	[54.769168 30.109605 62.831853]
1750.000000	[1.000000 0.628319]	[55.687908 28.374406 62.831853]
1800.000000	[1.000000 0.628319]	[56.551691 26.611206 62.831853]
1850.000000	[1.000000 0.628319]	[57.359664 24.821743 62.831853]
1900.000000	[1.000000 0.628319]	[58.111030 23.007785 62.831853]
1950.000000	[1.000000 0.628319]	[58.805048 21.171120 62.831853]
2000.000000	[1.000000 0.628319]	[59.441032 19.313562 62.831853]
2050.000000	[1.000000 0.628319]	[60.018355 17.436944 62.831853]
2100.000000	[1.000000 0.628319]	[60.536448 15.543118 62.831853]
2150.000000	[1.000000 0.628319]	[60.994798 13.633953 62.831853]
2200.000000	[1.000000 0.628319]	[61.392953 11.711332 62.831853]
2250.000000	[1.000000 0.628319]	[61.730521 9.777154 62.831853]
2300.000000	[1.000000 0.628319]	[62.007169 7.833327 62.831853]
2350.000000	[1.000000 0.628319]	[62.222623 5.881770 62.831853]
2400.000000	[1.000000 0.628319]	[62.376671 3.924407 62.831853]
2450.000000	[1.000000 0.628319]	[62.469160 1.963172 62.831853]
2500.000000	[1.000000 0.628319]	[62.500000 0.000000 62.831853]
2550.000000	[1.000000 0.628319]	[62.469160 -1.963172 62.831853]
2600.000000	[1.000000 0.628319]	[62.376671 -3.924407 62.831853]
2650.000000	[1.000000 0.628319]	[62.222623 -5.881770 62.831853]
2700.000000	[1.000000 0.628319]	[62.007169 -7.833327 62.831853]
2750.000000	[1.000000 0.628319]	[61.730521 -9.777154 62.831853]
2800.000000	[1.000000 0.628319]	[61.392953 -11.711332 62.831853]
2850.000000	[1.000000 0.628319]	[60.994798 -13.633953 62.831853]
2900.000000	[1.000000 0.628319]	[60.536448 -15.543118 62.831853]
2950.000000	[1.000000 0.628319]	[60.018355 -17.436944 62.831853]
3000.000000	[1.000000 0.628319]	[59.441032 -19.313562 62.831853]
3050.000000	[1.000000 0.628319]	[58.805048 -21.171120 62.831853]
3100.000000	[1.000000 0.628319]	[58.111030 -23.007785 62.831853]
3150.000000	[1.000000 0.628319]	[57.359664 -24.821743 62.831853]
3200.000000	[1.000000 0.628319]	[56.551691 -26.611206 62.831853]
3250.000000	[1.000000 0.628319]	[55.687908 -28.374406 62.831853]
3300.000000	[1.000000 0.628319]	[54.769168 -30.109605 62.831853]
3350.000000	[1.000000 0.628319]	[53.796377 -31.815088 62.831853]
3400.000000	[1.000000 0.628319]	[52.770495 -33.489175 62.831853]
3450.000000	[1.000000 0.628319]	[51.692536 -35.130211 62.831853]
3500.000000	[1.000000 0.628319]	[50.563562 -36.736578 62.831853]
3550.000000	[1.000000 0.628319]	[49.384688 -38.306691 62.831853]
3600.000000	[1.000000 0.628319]	[48.157078 -39.838999 62.831853]
3650.000000	[1.000000 0.628319]	[46.881942 -41.331992 62.831853]
3700.000000	[1.000000 0.628319]	[45.560539 -42.784194 62.831853]
3750.000000	[1.000000 0.628319]	[44.194174 -44.194174 62.831853]
3800.000000	[1.000000 0.628319]	[42.784194 -45.560539 62.831853]
3850.000000	[1.000000 0.628319]	[41.331992 -46.881942 62.831853]
3900.000000	[1.000000 0.628319]	[39.838999 -48.157078 62.831853]
3950.000000	[1.000000 0.628319]	[38.306691 -49.384688 62.831853]
4000.000000	[1.000000 0.628319]	[36.736578 -50.563562 62.831853]
4050.000000	[1.000000 0.628319]	[35.130211 -51.692536 62.831853]
4100.000000	[1.000000 0.628319]	[33.489175 -52.770495 62.831853]
4150.000000	[1.000000 0.628319]	[31.815088 -53.796377 62.831853]
4200.000000	[1.000000 0.628319]	[30.109605 -54.769168 62.831853]
4250.000000	[1.000000 0.628319]	[28.374406 -55.687908 62.831853]
4300.000000	[1.000000 0.628319]	[26.611206 -56.551691 62.831853]
4350.000000	[1.000000 0.628319]	[24.821743 -57.359664 62.831853]
4400.000000	[1.000000 0.628319]	[23.007785 -58.111030 62.831853]
4450.000000	[1.000000 0.628319]	[21.171120 -58.805048 62.831853]
4500.000000	[1.000000 0.628319]	[19.313562 -59.441032 62.831853]
4550.000000	[1.000000 0.628319]	[17.436944 -60.018355 62.831853]
4600.000000	[1.000000 0.628319]	[15.543118 -60.536448 62.831853]
4650.000000	[1.000000 0.628319]	[13.633953 -60.994798 62.831853]
4700.000000	[1.000000 0.628319]	[11.711332 -61.392953 62.831853]
4750.000000	[1.000000 0.628319]	[9.777154 -61.730521 62.831853]
4800.000000	[1.000000 0.628319]	[7.833327 -62.007169 62.831853]
4850.000000	[1.000000 0.628319]	[5.881770 -62.222623 62.831853]
4900.000000	[1.000000 0.628319]	[3.924407 -62.376671 62.831853]
4950.000000	[1.000000 0.628319]	[1.963172 -62.469160 62.831853]
5000.000000	[1.000000 0.628319]	[0.000000 -62.500000 62.831853]
5050.000000	[1.000000 0.628319]	[-1.963172 -62.469160 62.831853]
5100.000000	[1.000000 0.628319]	[-3.924407 -62.376671 62.831853]
5150.000000	[1.000000 0.628319]	[-5.881770 -62.222623 62.831853]
5200.000000	[1.000000 0.628319]	[-7.833327 -62.007169 62.831853]
5250.000000	[1.000000 0.628319]	[-9.777154 -61.730521 62.831853]
5300.000000	[1.000000 0.628319]	[-11.711332 -61.392953 62.831853]
5350.000000	[1.000000 0.628319]	[-13.633953 -60.994798 62.831853]
5400.000000	[1.000000 0.628319]	[-15.543118 -60.536448 62.831853]
5450.000000	[1.000000 0.628319]	[-17.436944 -60.018355 62.831853]
5500.000000	[1.000000 0.628319]	[-19.313562 -59.441032 62.831853]
5550.000000	[1.000000 0.628319]	[-21.171120 -58.805048 62.831853]
5600.000000	[1.000000 0.628319]	[-23.007785 -58.111030 62.831853]
5650.000000	[1.000000 0.628319]	[-24.821743 -57.359664 62.831853]
5700.000000	[1.000000 0.628319]	[-26.611206 -56.551691 62.831853]
5750.000000	[1.000000 0.628319]	[-28.374406 -55.687908 62.831853]
5800.000000	[1.000000 0.628319]	[-30.109605 -54.769168 62.831853]
5850.000000	[1.000000 0.628319]	[-31.815088 -53.796377 62.831853]
5900.000000	[1.000000 0.628319]	[-33.489175 -52.770495 62.831853]
5950.000000	[1.000000 0.628319]	[-35.130211 -51.692536 62.831853]
6000.000000	[1.000000 0.628319]	[-36.736578 -50.563562 62.831853]
6050.000000	[1.000000 0.628319]	[-38.306691 -49.384688 62.831853]
6100.000000	[1.000000 0.628319]	[-39.838999 -48.157078 62.831853]
6150.000000	[1.000000 0.628319]	[-41.331992 -46.881942 62.831853]
6200.000000	[1.000000 0.628319]	[-42.784194 -45.560539 62.831853]
6250.000000	[1.000000 0.628319]	[-44.194174 -44.194174 62.831853]
6300.000000	[1.000000 0.628319]	[-45.560539 -42.784194 62.831853]
6350.000000	[1.000000 0.628319]	[-46.881942 -41.331992 62.831853]
6400.000000	[1.000000 0.628319]	[-48.157078 -39.838999 62.831853]
6450.000000	[1.000000 0.628319]	[-49.384688 -38.306691 62.831853]
6500.000000	[1.000000 0.628319]	[-50.563562 -36.736578 62.831853]
6550.000000	[1.000000 0.628319]	[-51.692536 -35.130211 62.831853]
6600.000000	[1.000000 0.628319]	[-52.770495 -33.489175 62.831853]
6650.000000	[1.000000 0.628319]	[-53.796377 -31.815088 62.831853]
6700.000000	[1.000000 0.628319]	[-54.769168 -30.109605 62.831853]
6750.000000	[1.000000 0.628319]	[-55.687908 -28.374406 62.831853]
6800.000000	[1.000000 0.628319]	[-56.551691 -26.611206 62.831853]
6850.000000	[1.000000 0.628319]	[-57.359664 -24.821743 62.831853]
6900.000000	[1.000000 0.628319]	[-58.111030 -23.007785 62.831853]
6950.000000	[1.000000 0.628319]	[-58.805048 -21.171120 62.831853]
7000.000000	[1.000000 0.628319]	[-59.441032 -19.313562 62.831853]
7050.000000	[1.000000 0.628319]	[-60.018355 -17.436944 62.831853]
7100.000000	[1.000000 0.628319]	[-60.536448 -15.543118 62.831853]
7150.000000	[1.000000 0.628319]	[-60.994798 -13.633953 62.831853]
7200.000000	[1.000000 0.628319]	[-61.392953 -11.711332 62.831853]
7250.000000	[1.000000 0.628319]	[-61.730521 -9.777154 62.831853]
7300.000000	[1.000000 0.628319]	[-62.007169 -7.833327 62.831853]
7350.000000	[1.000000 0.628319]	[-62.222623 -5.881770 62.831853]
7400.000000	[1.000000 0.628319]	[-62.376671 -3.924407 62.831853]
7450.000000	[1.000000 0.628319]	[-62.469160 -1.963172 62.831853]
7500.000000	[1.000000 0.628319]	[-62.500000 -0.000000 62.831853]
7550.000000	[1.000000 0.628319]	[-62.469160 1.963172 62.831853]
7600.000000	[1.000000 0.628319]	[-62.376671 3.924407 62.831853]
7650.000000	[1.000000 0.628319]	[-62.222623 5.881770 62.831853]
7700.000000	[1.000000 0.628319]	[-62.007169 7.833327 62.831853]
7750.000000	[1.000000 0.628319]	[-61.730521 9.777154 62.831853]
7800.000000	[1.000000 0.628319]	[-61.392953 11.711332 62.831853]
7850.000000	[1.000000 0.628319]	[-60.994798 13.633953 62.831853]
7900.000000	[1.000000 0.628319]	[-60.536448 15.543118 62.831853]
7950.000000	[1.000000 0.628319]	[-60.018355 17.436944 62.831853]
8000.000000	[1.000000 0.628319]	[-59.441032 19.313562 62.831853]
8050.000000	[1.000000 0.628319]	[-58.805048 21.171120 62.831853]
8100.000000	[1.000000 0.628319]	[-58.111030 23.007785 62.831853]
8150.000000	[1.000000 0.628319]	[-57.359664 24.821743 62.831853]
8200.000000	[1.000000 0.628319]	[-56.551691 26.611206 62.831853]
8250.000000	[1.000000 0.628319]	[-55.687908 28.374406 62.831853]
8300.000000	[1.000000 0.628319]	[-54.769168 30.109605 62.831853]
8350.000000	[1.000000 0.628319]	[-53.796377 31.815088 62.831853]
8400.000000	[1.000000 0.628319]	[-52.770495 33.489175 62.831853]
8450.000000	[1.000000 0.628319]	[-51.692536 35.130211 62.831853]
8500.000000	[1.000000 0.628319]	[-50.563562 36.736578 62.831853]
8550.000000	[1.000000 0.628319]	[-49.384688 38.306691 62.831853]
8600.000000	[1.000000 0.628319]	[-48.157078 39.838999 62.831853]
8650.000000	[1.000000 0.628319]	[-46.881942 41.331992 62.831853]
8700.000000	[1.000000 0.628319]	[-45.560539 42.784194 62.831853]
8750.000000	[1.000000 0.628319]	[-44.194174 44.194174 62.831853]
8800.000000	[1.000000 0.628319]	[-42.784194 45.560539 62.831853]
8850.000000	[1.000000 0.628319]	[-41.331992 46.881942 62.831853]
8900.000000	[1.000000 0.628319]	[-39.838999 48.157078 62.831853]
8950.000000	[1.000000 0.628319]	[-38.306691 49.384688 62.831853]
9000.000000	[1.000000 0.628319]	[-36.736578 50.563562 62.831853]
9050.000000	[1.000000 0.628319]	[-35.130211 51.692536 62.831853]
9100.000000	[1.000000 0.628319]	[-33.489175 52.770495 62.831853]
9150.000000	[1.000000 0.628319]	[-31.815088 53.796377 62.831853]
9200.000000	[1.000000 0.628319]	[-30.109605 54.769168 62.831853]
9250.000000	[1.000000 0.628319]	[-28.374406 55.687908 62.831853]
9300.000000	[1.000000 0.628319]	[-26.611206 56.551691 62.831853]
9350.000000	[1.000000 0.628319]	[-24.821743 57.359664 62.831853]
9400.000000	[1.000000 0.628319]	[-23.007785 58.111030 62.831853]
9450.000000	[1.000000 0.628319]	[-21.171120 58.805048 62.831853]
9500.000000	[1.000000 0.628319]	[-19.313562 59.441032 62.831853]
9550.000000	[1.000000 0.628319]	[-17.436944 60.018355 62.831853]
9600.000000	[1.000000 0.628319]	[-15.543118 60.536448 62.831853]
9650.000000	[1.000000 0.628319]	[-13.633953 60.994798 62.831853]
9700.000000	[1.000000 0.628319]	[-11.711332 61.392953 62.831853]
9750.000000	[1.000000 0.628319]	[-9.777154 61.730521 62.831853]
9800.000000	[1.000000 0.628319]	[-7.833327 62.007169 62.831853]
9850.000000	[1.000000 0.628319]	[-5.881770 62.222623 62.831853]
9900.000000	[1.000000 0.628319]	[-3.924407 62.376671 62.831853]
9950.000000	[1.000000 0.628319]	[-1.963172 62.469160 62.831853]
10000.000000	[1.000000 0.628319]	[-0.000000 62.500000 62.831853]
10050.000000	[1.000000 -0.628319]	[-1.963172 62.469160 -62.831853]
10100.000000	[1.000000 -0.628319]	[-3.924407 62.376671 -62.831853]
10150.000000	[1.000000 -0.628319]	[-5.881770 62.222623 -62.831853]
10200.000000	[1.000000 -0.628319]	[-7.833327 62.007169 -62.831853]
10250.000000	[1.000000 -0.628319]	[-9.777154 61.730521 -62.831853]
10300.000000	[1.000000 -0.628319]	[-11.711332 61.392953 -62.831853]
10350.000000	[1.000000 -0.628319]	[-13.633953 60.994798 -62.831853]
10400.000000	[1.000000 -0.628319]	[-15.543118 60.536448 -62.831853]
10450.000000	[1.000000 -0.628319]	[-17.436944 60.018355 -62.831853]
10500.000000	[1.000000 -0.628319]	[-19.313562 59.441032 -62.831853]
10550.000000	[1.000000 -0.628319]	[-21.171120 58.805048 -62.831853]
10600.000000	[1.000000 -0.628319]	[-23.007785 58.111030 -62.831853]
10650.000000	[1.000000 -0.628319]	[-24.821743 57.359664 -62.831853]
10700.000000	[1.000000 -0.628319]	[-26.611206 56.551691 -62.831853]
10750.000000	[1.000000 -0.628319]	[-28.374406 55.687908 -62.831853]
10800.000000	[1.000000 -0.628319]	[-30.109605 54.769168 -62.831853]
10850.000000	[1.000000 -0.628319]	[-31.815088 53.796377 -62.831853]
10900.000000	[1.000000 -0.628319]	[-33.489175 52.770495 -62.831853]
10950.000000	[1.000000 -0.628319]	[-35.130211 51.692536 -62.831853]
11000.000000	[1.000000 -0.628319]	[-36.736578 50.563562 -62.831853]
11050.000000	[1.000000 -0.628319]	[-38.306691 49.384688 -62.831853]
11100.000000	[1.000000 -0.628319]	[-39.838999 48.157078 -62.831853]
11150.000000	[1.000000 -0.628319]	[-41.331992 46.881942 -62.831853]
11200.000000	[1.000000 -0.628319]	[-42.784194 45.560539 -62.831853]
11250.000000	[1.000000 -0.628319]	[-44.194174 44.194174 -62.831853]
11300.000000	[1.000000 -0.628319]	[-45.560539 42.784194 -62.831853]
11350.000000	[1.000000 -0.628319]	[-46.881942 41.331992 -62.831853]
11400.000000	[1.000000 -0.628319]	[-48.157078 39.838999 -62.831853]
11450.000000	[1.000000 -0.628319]	[-49.384688 38.306691 -62.831853]
11500.000000	[1.000000 -0.628319]	[-50.563562 36.736578 -62.831853]
11550.000000	[1.000000 -0.628319]	[-51.692536 35.130211 -62.831853]
11600.000000	[1.000000 -0.628319]	[-52.770495 33.489175 -62.831853]
11650.000000	[1.000000 -0.628319]	[-53.796377 31.815088 -62.831853]
11700.000000	[1.000000 -0.628319]	[-54.769168 30.109605 -62.831853]
11750.000000	[1.000000 -0.628319]	[-55.687908 28.374406 -62.831853]
11800.000000	[1.000000 -0.628319]	[-56.551691 26.611206 -62.831853]
11850.000000	[1.000000 -0.628319]	[-57.359664 24.821743 -62.831853]
11900.000000	[1.000000 -0.628319]	[-58.111030 23.007785 -62.831853]
11950.000000	[1.000000 -0.628319]	[-58.805048 21.171120 -62.831853]
12000.000000	[1.000000 -0.628319]	[-59.441032 19.313562 -62.831853]
12050.000000	[1.000000 -0.628319]	[-60.018355 17.436944 -62.831853]
12100.000000	[1.000000 -0.628319]	[-60.536448 15.543118 -62.831853]
12150.000000	[1.000000 -0.628319]	[-60.994798 13.633953 -62.831853]
12200.000000	[1.000000 -0.628319]	[-61.392953 11.711332 -62.831853]
12250.000000	[1.000000 -0.628319]	[-61.730521 9.777154 -62.831853]
12300.000000	[1.000000 -0.628319]	[-62.007169 7.833327 -62.831853]
12350.000000	[1.000000 -0.628319]	[-62.222623 5.881770 -62.831853]
12400.000000	[1.000000 -0.628319]	[-62.376671 3.924407 -62.831853]
12450.000000	[1.000000 -0.628319]	[-62.469160 1.963172 -62.831853]
12500.000000	[1.000000 -0.628319]	[-62.500000 0.000000 -62.831853]
12550.000000	[1.000000 -0.628319]	[-62.469160 -1.963172 -62.831853]
12600.000000	[1.000000 -0.628319]	[-62.376671 -3.924407 -62.831853]
12650.000000	[1.000000 -0.628319]	[-62.222623 -5.881770 -62.831853]
12700.000000	[1.000000 -0.628319]	[-62.007169 -7.833327 -62.831853]
12750.000000	[1.000000 -0.628319]	[-61.730521 -9.777154 -62.831853]
12800.000000	[1.000000 -0.628319]	[-61.392953 -11.711332 -62.831853]
12850.000000	[1.000000 -0.628319]	[-60.994798 -13.633953 -62.831853]
12900.000000	[1.000000 -0.628319]	[-60.536448 -15.543118 -62.831853]
12950.000000	[1.000000 -0.628319]	[-60.018355 -17.436944 -62.831853]
13000.000000	[1.000000 -0.628319]	[-59.441032 -19.313562 -62.831853]
13050.000000	[1.000000 -0.628319]	[-58.805048 -21.171120 -62.831853]
13100.000000	[1.000000 -0.628319]	[-58.111030 -23.007785 -62.831853]
13150.000000	[1.000000 -0.628319]	[-57.359664 -24.821743 -62.831853]
13200.000000	[1.000000 -0.628319]	[-56.551691 -26.611206 -62.831853]
13250.000000	[1.000000 -0.628319]	[-55.687908 -28.374406 -62.831853]
13300.000000	[1.000000 -0.628319]	[-54.769168 -30.109605 -62.831853]
13350.000000	[1.000000 -0.628319]	[-53.796377 -31.815088 -62.831853]
13400.000000	[1.000000 -0.628319]	[-52.770495 -33.489175 -62.831853]
13450.000000	[1.000000 -0.628319]	[-51.692536 -35.130211 -62.831853]
13500.000000	[1.000000 -0.628319]	[-50.563562 -36.736578 -62.831853]
13550.000000	[1.000000 -0.628319]	[-49.384688 -38.306691 -62.831853]
13600.000000	[1.000000 -0.628319]	[-48.157078 -39.838999 -62.831853]
13650.000000	[1.000000 -0.628319]	[-46.881942 -41.331992 -62.831853]
13700.000000	[1.000000 -0.628319]	[-45.560539 -42.784194 -62.831853]
13750.000000	[1.000000 -0.628319]	[-44.194174 -44.194174 -62.831853]
13800.000000	[1.000000 -0.628319]	[-42.784194 -45.560539 -62.831853]
13850.000000	[1.000000 -0.628319]	[-41.331992 -46.881942 -62.831853]
13900.000000	[1.000000 -0.628319]	[-39.838999 -48.157078 -62.831853]
13950.000000	[1.000000 -0.628319]	[-38.306691 -49.384688 -62.831853]
14000.000000	[1.000000 -0.628319]	[-36.736578 -50.563562 -62.831853]
14050.000000	[1.000000 -0.628319]	[-35.130211 -51.692536 -62.831853]
14100.000000	[1.000000 -0.628319]	[-33.489175 -52.770495 -62.831853]
14150.000000	[1.000000 -0.628319]	[-31.815088 -53.796377 -62.831853]
14200.000000	[1.000000 -0.628319]	[-30.109605 -54.769168 -62.831853]
14250.000000	[1.000000 -0.628319]	[-28.374406 -55.687908 -62.831853]
14300.000000	[1.000000 -0.628319]	[-26.611206 -56.551691 -62.831853]
14350.000000	[1.000000 -0.628319]	[-24.821743 -57.359664 -62.831853]
14400.000000	[1.000000 -0.628319]	[-23.007785 -58.111030 -62.831853]
14450.000000	[1.000000 -0.628319]	[-21.171120 -58.805048 -62.831853]
14500.000000	[1.000000 -0.628319]	[-19.313562 -59.441032 -62.831853]
14550.000000	[1.000000 -0.628319]	[-17.436944 -60.018355 -62.831853]
14600.000000	[1.000000 -0.628319]	[-15.543118 -60.536448 -62.831853]
14650.000000	[1.000000 -0.628319]	[-13.633953 -60.994798 -62.831853]
14700.000000	[1.000000 -0.628319]	[-11.711332 -61.392953 -62.831853]
14750.000000	[1.000000 -0.628319]	[-9.777154 -61.730521 -62.831853]
14800.000000	[1.000000 -0.628319]	[-7.833327 -62.007169 -62.831853]
14850.000000	[1.000000 -0.628319]	[-5.881770 -62.222623 -62.831853]
14900.000000	[1.000000 -0.628319]	[-3.924407 -62.376671 -62.831853]
14950.000000	[1.000000 -0.628319]	[-1.963172 -62.469160 -62.831853]
15000.000000	[1.000000 -0.628319]	[-0.000000 -62.500000 -62.831853]
15050.000000	[1.000000 -0.628319]	[1.963172 -62.469160 -62.831853]
15100.000000	[1.000000 -0.628319]	[3.924407 -62.376671 -62.831853]
15150.000000	[1.000000 -0.628319]	[5.881770 -62.222623 -62.831853]
15200.000000	[1.000000 -0.628319]	[7.833327 -62.007169 -62.831853]
15250.000000	[1.000000 -0.628319]	[9.777154 -61.730521 -62.831853]
15300.000000	[1.000000 -0.628319]	[11.711332 -61.392953 -62.831853]
15350.000000	[1.000000 -0.628319]	[13.633953 -60.994798 -62.831853]
15400.000000	[1.000000 -0.628319]	[15.543118 -60.536448 -62.831853]
15450.000000	[1.000000 -0.628319]	[17.436944 -60.018355 -62.831853]
15500.000000	[1.000000 -0.628319]	[19.313562 -59.441032 -62.831853]
15550.000000	[1.000000 -0.628319]	[21.171120 -58.805048 -62.831853]
15600.000000	[1.000000 -0.628319]	[23.007785 -58.111030 -62.831853]
15650.000000	[1.000000 -0.628319]	[24.821743 -57.359664 -62.831853]
15700.000000	[1.000000 -0.628319]	[26.611206 -56.551691 -62.831853]
15750.000000	[1.000000 -0.628319]	[28.374406 -55.687908 -62.831853]
15800.000000	[1.000000 -0.628319]	[30.109605 -54.769168 -62.831853]
15850.000000	[1.000000 -0.628319]	[31.815088 -53.796377 -62.831853]
15900.000000	[1.000000 -0.628319]	[33.489175 -52.770495 -62.831853]
15950.000000	[1.000000 -0.628319]	[35.130211 -51.692536 -62.831853]
16000.000000	[1.000000 -0.628319]	[36.736578 -50.563562 -62.831853]
16050.000000	[1.000000 -0.628319]	[38.306691 -49.384688 -62.831853]
16100.000000	[1.000000 -0.628319]	[39.838999 -48.157078 -62.831853]
16150.000000	[1.000000 -0.628319]	[41.331992 -46.881942 -62.831853]
16200.000000	[1.000000 -0.628319]	[42.784194 -45.560539 -62.831853]
16250.000000	[1.000000 -0.628319]	[44.194174 -44.194174 -62.831853]
16300.000000	[1.000000 -0.628319]	[45.560539 -42.784194 -62.831853]
16350.000000	[1.000000 -0.628319]	[46.881942 -41.331992 -62.831853]
16400.000000	[1.000000 -0.628319]	[48.157078 -39.838999 -62.831853]
16450.000000	[1.000000 -0.628319]	[49.384688 -38.306691 -62.831853]
16500.000000	[1.000000 -0.628319]	[50.563562 -36.736578 -62.831853]
16550.000000	[1.000000 -0.628319]	[51.692536 -35.130211 -62.831853]
16600.000000	[1.000000 -0.628319]	[52.770495 -33.489175 -62.831853]
16650.000000	[1.000000 -0.628319]	[53.796377 -31.815088 -62.831853]
16700.000000	[1.000000 -0.628319]	[54.769168 -30.109605 -62.831853]
16750.000000	[1.000000 -0.628319]	[55.687908 -28.374406 -62.831853]
16800.000000	[1.000000 -0.628319]	[56.551691 -26.611206 -62.831853]
16850.000000	[1.000000 -0.628319]	[57.359664 -24.821743 -62.831853]
16900.000000	[1.000000 -0.628319]	[58.111030 -23.007785 -62.831853]
16950.000000	[1.000000 -0.628319]	[58.805048 -21.171120 -62.831853]
17000.000000	[1.000000 -0.628319]	[59.441032 -19.313562 -62.831853]
17050.000000	[1.000000 -0.628319]	[60.018355 -17.436944 -62.831853]
17100.000000	[1.000000 -0.628319]	[60.536448 -15.543118 -62.831853]
17150.000000	[1.000000 -0.628319]	[60.994798 -13.633953 -62.831853]
17200.000000	[1.000000 -0.628319]	[61.392953 -11.711332 -62.831853]
17250.000000	[1.000000 -0.628319]	[61.730521 -9.777154 -62.831853]
17300.000000	[1.000000 -0.628319]	[62.007169 -7.833327 -62.831853]
17350.000000	[1.000000 -0.628319]	[62.222623 -5.881770 -62.831853]
17400.000000	[1.000000 -0.628319]	[62.376671 -3.924407 -62.831853]
17450.000000	[1.000000 -0.628319]	[62.469160 -1.963172 -62.831853]
17500.000000	[1.000000 -0.628319]	[62.500000 -0.000000 -62.831853]
17550.000000	[1.000000 -0.628319]	[62.469160 1.963172 -62.831853]
17600.000000	[1.000000 -0.628319]	[62.376671 3.924407 -62.831853]
17650.000000	[1.000000 -0.628319]	[62.222623 5.881770 -62.831853]
17700.000000	[1.000000 -0.628319]	[62.007169 7.833327 -62.831853]
17750.000000	[1.000000 -0.628319]	[61.730521 9.777154 -62.831853]
17800.000000	[1.000000 -0.628319]	[61.392953 11.711332 -62.831853]
17850.000000	[1.000000 -0.628319]	[60.994798 13.633953 -62.831853]
17900.000000	[1.000000 -0.628319]	[60.536448 15.543118 -62.831853]
17950.000000	[1.000000 -0.628319]	[60.018355 17.436944 -62.831853]
18000.000000	[1.000000 -0.628319]	[59.441032 19.313562 -62.831853]
