0.000000	[0.000000 0.000000]	[0.000000 0.000000 0.000000]
30.000000	[0.000000 0.000000]	[0.000000 0.000000 0.000000]
60.000000	[0.000000 0.000000]	[0.000000 0.000000 0.000000]
90.000000	[0.000000 0.000000]	[0.000000 0.000000 0.000000]
120.000000	[0.000000 0.000000]	[0.000000 0.000000 0.000000]
150.000000	[0.000000 0.000000]	[0.000000 0.000000 0.000000]
180.000000	[0.000987 0.000200]	[0.000001 0.029613 0.005995]
210.000000	[0.000987 0.000150]	[0.000001 0.029611 0.004511]
240.000000	[0.000987 0.000150]	[0.000001 0.029611 0.004511]
270.000000	[0.000987 0.000150]	[0.000001 0.029611 0.004511]
300.000000	[0.000973 0.000349]	[0.000003 0.029205 0.010471]
330.000000	[0.000974 0.000350]	[0.000003 0.029205 0.010486]
360.000000	[0.000974 0.000350]	[0.000004 0.029205 0.010486]
390.000000	[0.000974 0.000349]	[0.000004 0.029205 0.010485]
420.000000	[0.000974 0.000349]	[0.000004 0.029208 0.010484]
450.000000	[0.000974 0.000349]	[0.000005 0.029208 0.010483]
480.000000	[0.000951 0.000546]	[0.000007 0.028534 0.016375]
510.000000	[0.000951 0.000546]	[0.000008 0.028534 0.016375]
540.000000	[0.000951 0.000547]	[0.000008 0.028535 0.016400]
570.000000	[0.000920 0.000740]	[0.000012 0.027595 0.022188]
600.000000	[0.000920 0.000740]	[0.000012 0.027595 0.022188]
630.000000	[0.000920 0.000739]	[0.000013 0.027597 0.022182]
660.000000	[0.000920 0.000741]	[0.000013 0.027597 0.022223]
690.000000	[0.000920 0.000741]	[0.000014 0.027600 0.022222]
720.000000	[0.000880 0.000929]	[0.000018 0.026402 0.027876]
750.000000	[0.000880 0.000929]	[0.000018 0.026402 0.027876]
780.000000	[0.000880 0.000931]	[0.000019 0.026407 0.027925]
810.000000	[0.000880 0.000931]	[0.000020 0.026408 0.027923]
840.000000	[0.000832 0.001114]	[0.000023 0.024959 0.033410]
870.000000	[0.000832 0.001114]	[0.000024 0.024959 0.033410]
900.000000	[0.000776 0.001292]	[0.000027 0.023271 0.038763]
930.000000	[0.000776 0.001292]	[0.000028 0.023276 0.038754]
960.000000	[0.000776 0.001294]	[0.000029 0.023277 0.038829]
990.000000	[0.000776 0.001294]	[0.000030 0.023277 0.038829]
1020.000000	[0.000776 0.001294]	[0.000031 0.023279 0.038827]
1050.000000	[0.000776 0.001294]	[0.000032 0.023282 0.038825]
1080.000000	[0.000712 0.001463]	[0.000034 0.021357 0.043889]
1110.000000	[0.000712 0.001463]	[0.000035 0.021357 0.043889]
1140.000000	[0.000641 0.001626]	[0.000036 0.019216 0.048782]
1170.000000	[0.000641 0.001629]	[0.000037 0.019225 0.048876]
1200.000000	[0.000641 0.001629]	[0.000038 0.019227 0.048872]
1230.000000	[0.000641 0.001629]	[0.000039 0.019227 0.048872]
1260.000000	[0.000641 0.001629]	[0.000039 0.019229 0.048870]
1290.000000	[0.000562 0.001780]	[0.000039 0.016871 0.053395]
1320.000000	[0.000563 0.001783]	[0.000040 0.016880 0.053496]
1350.000000	[0.000563 0.001783]	[0.000041 0.016880 0.053496]
1380.000000	[0.000563 0.001783]	[0.000042 0.016884 0.053495]
1410.000000	[0.000478 0.001924]	[0.000039 0.014330 0.057712]
1440.000000	[0.000478 0.001924]	[0.000040 0.014339 0.057705]
1470.000000	[0.000478 0.001924]	[0.000041 0.014339 0.057705]
1500.000000	[0.000387 0.002057]	[0.000036 0.011605 0.061716]
1530.000000	[0.000387 0.002057]	[0.000037 0.011615 0.061709]
1560.000000	[0.000387 0.002061]	[0.000037 0.011619 0.061834]
1590.000000	[0.000387 0.002061]	[0.000038 0.011619 0.061834]
1620.000000	[0.000291 0.002179]	[0.000031 0.008717 0.065370]
1650.000000	[0.000291 0.002179]	[0.000031 0.008728 0.065366]
1680.000000	[0.000291 0.002179]	[0.000032 0.008728 0.065366]
1710.000000	[0.000291 0.002183]	[0.000033 0.008732 0.065502]
1740.000000	[0.000189 0.002289]	[0.000023 0.005680 0.068666]
1770.000000	[0.000190 0.002294]	[0.000023 0.005692 0.068806]
1800.000000	[0.000190 0.002293]	[0.000024 0.005696 0.068802]
1830.000000	[0.000190 0.002293]	[0.000024 0.005696 0.068802]
1860.000000	[0.000190 0.002293]	[0.000024 0.005700 0.068801]
1890.000000	[0.000084 0.002386]	[0.000011 0.002514 0.071576]
1920.000000	[0.000084 0.002391]	[0.000012 0.002526 0.071724]
1950.000000	[0.000084 0.002391]	[0.000012 0.002526 0.071724]
1980.000000	[-0.000026 0.002470]	[-0.000004 -0.000774 0.074094]
2010.000000	[-0.000025 0.002475]	[-0.000004 -0.000762 0.074251]
2040.000000	[-0.000025 0.002475]	[-0.000004 -0.000757 0.074251]
2070.000000	[-0.000025 0.002475]	[-0.000004 -0.000757 0.074251]
2100.000000	[-0.000139 0.002540]	[-0.000022 -0.004156 0.076200]
2130.000000	[-0.000138 0.002540]	[-0.000022 -0.004145 0.076199]
2160.000000	[-0.000138 0.002545]	[-0.000023 -0.004138 0.076364]
2190.000000	[-0.000138 0.002545]	[-0.000023 -0.004138 0.076364]
2220.000000	[-0.000254 0.002596]	[-0.000044 -0.007615 0.077880]
2250.000000	[-0.000253 0.002596]	[-0.000044 -0.007605 0.077883]
2280.000000	[-0.000253 0.002602]	[-0.000045 -0.007599 0.078053]
2310.000000	[-0.000253 0.002602]	[-0.000046 -0.007599 0.078053]
2340.000000	[-0.000371 0.002638]	[-0.000069 -0.011133 0.079134]
2370.000000	[-0.000371 0.002644]	[-0.000070 -0.011122 0.079307]
2400.000000	[-0.000371 0.002644]	[-0.000071 -0.011117 0.079306]
2430.000000	[-0.000371 0.002644]	[-0.000071 -0.011117 0.079306]
2460.000000	[-0.000370 0.002644]	[-0.000072 -0.011112 0.079308]
2490.000000	[-0.000490 0.002665]	[-0.000097 -0.014685 0.079946]
2520.000000	[-0.000489 0.002671]	[-0.000099 -0.014676 0.080122]
2550.000000	[-0.000489 0.002671]	[-0.000100 -0.014676 0.080122]
2580.000000	[-0.000609 0.002677]	[-0.000126 -0.018267 0.080313]
2610.000000	[-0.000609 0.002683]	[-0.000128 -0.018260 0.080491]
2640.000000	[-0.000608 0.002683]	[-0.000129 -0.018254 0.080495]
2670.000000	[-0.000608 0.002683]	[-0.000131 -0.018254 0.080495]
2700.000000	[-0.000728 0.002674]	[-0.000158 -0.021844 0.080234]
2730.000000	[-0.000728 0.002674]	[-0.000159 -0.021840 0.080234]
2760.000000	[-0.000728 0.002680]	[-0.000162 -0.021833 0.080414]
2790.000000	[-0.000728 0.002680]	[-0.000163 -0.021833 0.080414]
2820.000000	[-0.000847 0.002657]	[-0.000190 -0.025401 0.079705]
2850.000000	[-0.000847 0.002657]	[-0.000192 -0.025399 0.079707]
2880.000000	[-0.000846 0.002663]	[-0.000195 -0.025392 0.079889]
2910.000000	[-0.000846 0.002663]	[-0.000197 -0.025392 0.079889]
2940.000000	[-0.000964 0.002625]	[-0.000223 -0.028918 0.078737]
2970.000000	[-0.000964 0.002630]	[-0.000226 -0.028917 0.078911]
3000.000000	[-0.000964 0.002630]	[-0.000228 -0.028911 0.078914]
3030.000000	[-0.000964 0.002630]	[-0.000230 -0.028911 0.078914]
3060.000000	[-0.000964 0.002631]	[-0.000233 -0.028906 0.078919]
3090.000000	[-0.001079 0.002578]	[-0.000258 -0.032371 0.077329]
3120.000000	[-0.001079 0.002583]	[-0.000261 -0.032372 0.077499]
3150.000000	[-0.001079 0.002583]	[-0.000263 -0.032372 0.077499]
3180.000000	[-0.001192 0.002516]	[-0.000286 -0.035755 0.075481]
3210.000000	[-0.001192 0.002516]	[-0.000289 -0.035760 0.075474]
3240.000000	[-0.001192 0.002522]	[-0.000292 -0.035754 0.075651]
3270.000000	[-0.001192 0.002522]	[-0.000295 -0.035754 0.075651]
3300.000000	[-0.001301 0.002440]	[-0.000314 -0.039036 0.073213]
3330.000000	[-0.001301 0.002440]	[-0.000317 -0.039043 0.073200]
3360.000000	[-0.001301 0.002446]	[-0.000321 -0.039038 0.073374]
3390.000000	[-0.001301 0.002446]	[-0.000324 -0.039038 0.073374]
3420.000000	[-0.001301 0.002446]	[-0.000327 -0.039032 0.073382]
3450.000000	[-0.001407 0.002351]	[-0.000342 -0.042196 0.070537]
3480.000000	[-0.001407 0.002351]	[-0.000345 -0.042206 0.070518]
3510.000000	[-0.001407 0.002351]	[-0.000348 -0.042206 0.070518]
3540.000000	[-0.001508 0.002248]	[-0.000360 -0.045231 0.067453]
3570.000000	[-0.001508 0.002253]	[-0.000364 -0.045241 0.067591]
3600.000000	[-0.001508 0.002253]	[-0.000367 -0.045237 0.067599]
3630.000000	[-0.001508 0.002253]	[-0.000370 -0.045237 0.067599]
3660.000000	[-0.001508 0.002253]	[-0.000373 -0.045233 0.067604]
3690.000000	[-0.001604 0.002133]	[-0.000379 -0.048105 0.063999]
3720.000000	[-0.001604 0.002137]	[-0.000383 -0.048118 0.064123]
3750.000000	[-0.001604 0.002137]	[-0.000386 -0.048117 0.064123]
3780.000000	[-0.001604 0.002138]	[-0.000389 -0.048115 0.064132]
3810.000000	[-0.001604 0.002138]	[-0.000392 -0.048112 0.064139]
3840.000000	[-0.001694 0.002006]	[-0.000391 -0.050813 0.060184]
3870.000000	[-0.001694 0.002006]	[-0.000395 -0.050813 0.060184]
3900.000000	[-0.001694 0.002010]	[-0.000398 -0.050827 0.060294]
3930.000000	[-0.001778 0.001867]	[-0.000391 -0.053341 0.056012]
3960.000000	[-0.001779 0.001870]	[-0.000395 -0.053357 0.056108]
3990.000000	[-0.001779 0.001870]	[-0.000398 -0.053357 0.056108]
4020.000000	[-0.001779 0.001871]	[-0.000401 -0.053354 0.056116]
4050.000000	[-0.001778 0.001871]	[-0.000404 -0.053351 0.056120]
4080.000000	[-0.001856 0.001718]	[-0.000390 -0.055664 0.051532]
4110.000000	[-0.001856 0.001718]	[-0.000393 -0.055664 0.051532]
4140.000000	[-0.001856 0.001720]	[-0.000397 -0.055681 0.051611]
4170.000000	[-0.001926 0.001558]	[-0.000375 -0.057776 0.046741]
4200.000000	[-0.001926 0.001560]	[-0.000379 -0.057794 0.046806]
4230.000000	[-0.001926 0.001560]	[-0.000381 -0.057794 0.046806]
4260.000000	[-0.001926 0.001560]	[-0.000384 -0.057792 0.046813]
4290.000000	[-0.001989 0.001390]	[-0.000356 -0.059662 0.041693]
4320.000000	[-0.001989 0.001391]	[-0.000359 -0.059679 0.041739]
4350.000000	[-0.001989 0.001391]	[-0.000361 -0.059679 0.041739]
4380.000000	[-0.002044 0.001213]	[-0.000326 -0.061311 0.036399]
4410.000000	[-0.002044 0.001211]	[-0.000327 -0.061327 0.036325]
4440.000000	[-0.002044 0.001214]	[-0.000331 -0.061327 0.036431]
4470.000000	[-0.002044 0.001214]	[-0.000333 -0.061327 0.036431]
4500.000000	[-0.002090 0.001030]	[-0.000291 -0.062710 0.030899]
4530.000000	[-0.002091 0.001027]	[-0.000292 -0.062725 0.030816]
4560.000000	[-0.002091 0.001030]	[-0.000295 -0.062725 0.030912]
4590.000000	[-0.002091 0.001030]	[-0.000297 -0.062725 0.030912]
4620.000000	[-0.002091 0.001031]	[-0.000299 -0.062724 0.030918]
4650.000000	[-0.002128 0.000841]	[-0.000250 -0.063852 0.025224]
4680.000000	[-0.002129 0.000838]	[-0.000250 -0.063865 0.025133]
4710.000000	[-0.002129 0.000838]	[-0.000252 -0.063865 0.025133]
4740.000000	[-0.002158 0.000646]	[-0.000198 -0.064731 0.019395]
4770.000000	[-0.002158 0.000646]	[-0.000199 -0.064743 0.019369]
4800.000000	[-0.002158 0.000646]	[-0.000201 -0.064743 0.019372]
4830.000000	[-0.002158 0.000646]	[-0.000202 -0.064743 0.019372]
4860.000000	[-0.002158 0.000646]	[-0.000203 -0.064742 0.019374]
4890.000000	[-0.002178 0.000449]	[-0.000143 -0.065339 0.013461]
4920.000000	[-0.002178 0.000447]	[-0.000144 -0.065348 0.013415]
4950.000000	[-0.002178 0.000447]	[-0.000145 -0.065348 0.013415]
4980.000000	[-0.002189 0.000248]	[-0.000081 -0.065672 0.007442]
5010.000000	[-0.002189 0.000246]	[-0.000081 -0.065678 0.007381]
5040.000000	[-0.002189 0.000246]	[-0.000081 -0.065678 0.007381]
5070.000000	[-0.002189 0.000246]	[-0.000082 -0.065678 0.007381]
5100.000000	[-0.002191 0.000046]	[-0.000015 -0.065728 0.001384]
5130.000000	[-0.002191 0.000042]	[-0.000014 -0.065729 0.001273]
5160.000000	[-0.002191 0.000043]	[-0.000015 -0.065731 0.001304]
5190.000000	[-0.002191 0.000043]	[-0.000015 -0.065731 0.001304]
5220.000000	[-0.002184 -0.000156]	[0.000053 -0.065506 -0.004682]
5250.000000	[-0.002183 -0.000160]	[0.000055 -0.065503 -0.004796]
5280.000000	[-0.002183 -0.000159]	[0.000055 -0.065505 -0.004779]
5310.000000	[-0.002183 -0.000159]	[0.000055 -0.065505 -0.004779]
5340.000000	[-0.002167 -0.000357]	[0.000124 -0.065006 -0.010719]
5370.000000	[-0.002167 -0.000361]	[0.000126 -0.065001 -0.010828]
5400.000000	[-0.002167 -0.000361]	[0.000127 -0.065001 -0.010831]
5430.000000	[-0.002167 -0.000361]	[0.000127 -0.065001 -0.010831]
5460.000000	[-0.002167 -0.000361]	[0.000128 -0.065000 -0.010832]
5490.000000	[-0.002141 -0.000556]	[0.000196 -0.064230 -0.016693]
5520.000000	[-0.002141 -0.000561]	[0.000199 -0.064221 -0.016816]
5550.000000	[-0.002141 -0.000561]	[0.000200 -0.064221 -0.016816]
5580.000000	[-0.002106 -0.000752]	[0.000265 -0.063184 -0.022564]
5610.000000	[-0.002106 -0.000757]	[0.000268 -0.063171 -0.022698]
5640.000000	[-0.002106 -0.000757]	[0.000270 -0.063170 -0.022704]
5670.000000	[-0.002106 -0.000757]	[0.000271 -0.063170 -0.022704]
5700.000000	[-0.002062 -0.000943]	[0.000333 -0.061872 -0.028302]
5730.000000	[-0.002062 -0.000947]	[0.000336 -0.061854 -0.028414]
5760.000000	[-0.002062 -0.000948]	[0.000338 -0.061855 -0.028452]
5790.000000	[-0.002062 -0.000948]	[0.000340 -0.061854 -0.028452]
5820.000000	[-0.002010 -0.001129]	[0.000396 -0.060303 -0.033868]
5850.000000	[-0.002009 -0.001133]	[0.000399 -0.060281 -0.033978]
5880.000000	[-0.002009 -0.001134]	[0.000402 -0.060281 -0.034030]
5910.000000	[-0.002009 -0.001134]	[0.000404 -0.060281 -0.034030]
5940.000000	[-0.001950 -0.001308]	[0.000454 -0.058485 -0.039233]
5970.000000	[-0.001949 -0.001313]	[0.000458 -0.058461 -0.039395]
6000.000000	[-0.001949 -0.001313]	[0.000461 -0.058461 -0.039405]
6030.000000	[-0.001949 -0.001313]	[0.000463 -0.058461 -0.039405]
6060.000000	[-0.001949 -0.001314]	[0.000465 -0.058460 -0.039410]
6090.000000	[-0.001881 -0.001479]	[0.000508 -0.056428 -0.044366]
6120.000000	[-0.001880 -0.001485]	[0.000512 -0.056400 -0.044536]
6150.000000	[-0.001880 -0.001485]	[0.000515 -0.056400 -0.044536]
6180.000000	[-0.001805 -0.001641]	[0.000549 -0.054148 -0.049226]
6210.000000	[-0.001804 -0.001647]	[0.000553 -0.054120 -0.049402]
6240.000000	[-0.001804 -0.001647]	[0.000556 -0.054117 -0.049412]
6270.000000	[-0.001804 -0.001647]	[0.000559 -0.054117 -0.049412]
6300.000000	[-0.001722 -0.001793]	[0.000584 -0.051655 -0.053794]
6330.000000	[-0.001721 -0.001796]	[0.000587 -0.051624 -0.053881]
6360.000000	[-0.001721 -0.001799]	[0.000591 -0.051620 -0.053979]
6390.000000	[-0.001721 -0.001799]	[0.000594 -0.051620 -0.053979]
6420.000000	[-0.001632 -0.001935]	[0.000608 -0.048965 -0.058039]
6450.000000	[-0.001631 -0.001937]	[0.000611 -0.048932 -0.058116]
6480.000000	[-0.001631 -0.001941]	[0.000615 -0.048928 -0.058229]
6510.000000	[-0.001631 -0.001941]	[0.000618 -0.048928 -0.058229]
6540.000000	[-0.001537 -0.002065]	[0.000622 -0.046094 -0.061940]
6570.000000	[-0.001535 -0.002071]	[0.000627 -0.046060 -0.062122]
6600.000000	[-0.001535 -0.002071]	[0.000630 -0.046056 -0.062130]
6630.000000	[-0.001535 -0.002071]	[0.000632 -0.046055 -0.062130]
6660.000000	[-0.001535 -0.002071]	[0.000635 -0.046052 -0.062137]
6690.000000	[-0.001435 -0.002182]	[0.000629 -0.043057 -0.065474]
6720.000000	[-0.001434 -0.002189]	[0.000633 -0.043023 -0.065657]
6750.000000	[-0.001434 -0.002189]	[0.000636 -0.043023 -0.065657]
6780.000000	[-0.001330 -0.002287]	[0.000618 -0.039882 -0.068609]
6810.000000	[-0.001328 -0.002293]	[0.000622 -0.039849 -0.068792]
6840.000000	[-0.001328 -0.002293]	[0.000625 -0.039843 -0.068801]
6870.000000	[-0.001328 -0.002293]	[0.000628 -0.039843 -0.068801]
6900.000000	[-0.001219 -0.002378]	[0.000600 -0.036579 -0.071344]
6930.000000	[-0.001218 -0.002379]	[0.000603 -0.036549 -0.071380]
6960.000000	[-0.001218 -0.002384]	[0.000606 -0.036542 -0.071529]
6990.000000	[-0.001218 -0.002384]	[0.000609 -0.036542 -0.071529]
7020.000000	[-0.001106 -0.002455]	[0.000572 -0.033170 -0.073651]
7050.000000	[-0.001105 -0.002456]	[0.000574 -0.033143 -0.073683]
7080.000000	[-0.001105 -0.002461]	[0.000577 -0.033136 -0.073841]
7110.000000	[-0.001105 -0.002461]	[0.000580 -0.033136 -0.073841]
7140.000000	[-0.000989 -0.002518]	[0.000533 -0.029675 -0.075525]
7170.000000	[-0.000988 -0.002523]	[0.000536 -0.029649 -0.075703]
7200.000000	[-0.000988 -0.002524]	[0.000539 -0.029642 -0.075708]
7230.000000	[-0.000988 -0.002524]	[0.000541 -0.029642 -0.075708]
7260.000000	[-0.000988 -0.002524]	[0.000543 -0.029637 -0.075713]
7290.000000	[-0.000871 -0.002565]	[0.000488 -0.026112 -0.076951]
7320.000000	[-0.000870 -0.002571]	[0.000491 -0.026090 -0.077135]
7350.000000	[-0.000870 -0.002571]	[0.000493 -0.026090 -0.077135]
7380.000000	[-0.000751 -0.002598]	[0.000432 -0.022515 -0.077928]
7410.000000	[-0.000750 -0.002603]	[0.000434 -0.022497 -0.078103]
7440.000000	[-0.000750 -0.002604]	[0.000436 -0.022490 -0.078109]
7470.000000	[-0.000750 -0.002604]	[0.000437 -0.022490 -0.078109]
7500.000000	[-0.000630 -0.002615]	[0.000371 -0.018893 -0.078447]
7530.000000	[-0.000630 -0.002615]	[0.000372 -0.018884 -0.078451]
7560.000000	[-0.000629 -0.002621]	[0.000374 -0.018875 -0.078623]
7590.000000	[-0.000629 -0.002621]	[0.000375 -0.018875 -0.078623]
7620.000000	[-0.000509 -0.002617]	[0.000305 -0.015270 -0.078507]
7650.000000	[-0.000509 -0.002617]	[0.000306 -0.015266 -0.078509]
7680.000000	[-0.000509 -0.002623]	[0.000307 -0.015257 -0.078686]
7710.000000	[-0.000509 -0.002623]	[0.000309 -0.015257 -0.078686]
7740.000000	[-0.000389 -0.002604]	[0.000235 -0.011668 -0.078112]
7770.000000	[-0.000389 -0.002610]	[0.000237 -0.011666 -0.078294]
7800.000000	[-0.000389 -0.002610]	[0.000237 -0.011658 -0.078293]
7830.000000	[-0.000389 -0.002610]	[0.000238 -0.011658 -0.078293]
7860.000000	[-0.000389 -0.002610]	[0.000239 -0.011653 -0.078295]
7890.000000	[-0.000270 -0.002576]	[0.000165 -0.008103 -0.077270]
7920.000000	[-0.000270 -0.002582]	[0.000166 -0.008106 -0.077449]
7950.000000	[-0.000270 -0.002582]	[0.000166 -0.008106 -0.077449]
7980.000000	[-0.000270 -0.002582]	[0.000167 -0.008099 -0.077451]
8010.000000	[-0.000154 -0.002533]	[0.000093 -0.004605 -0.075978]
8040.000000	[-0.000154 -0.002533]	[0.000094 -0.004618 -0.075976]
8070.000000	[-0.000154 -0.002533]	[0.000094 -0.004618 -0.075976]
8100.000000	[-0.000040 -0.002475]	[0.000024 -0.001197 -0.074255]
8130.000000	[-0.000040 -0.002475]	[0.000024 -0.001212 -0.074256]
8160.000000	[-0.000040 -0.002481]	[0.000024 -0.001203 -0.074436]
8190.000000	[-0.000040 -0.002481]	[0.000024 -0.001203 -0.074436]
8220.000000	[-0.000040 -0.002481]	[0.000024 -0.001198 -0.074429]
8250.000000	[-0.000040 -0.002481]	[0.000024 -0.001193 -0.074429]
8280.000000	[0.000071 -0.002404]	[-0.000042 0.002130 -0.072107]
8310.000000	[0.000071 -0.002404]	[-0.000043 0.002130 -0.072107]
8340.000000	[0.000070 -0.002410]	[-0.000042 0.002109 -0.072286]
8370.000000	[0.000177 -0.002319]	[-0.000103 0.005321 -0.069557]
8400.000000	[0.000177 -0.002325]	[-0.000103 0.005297 -0.069739]
8430.000000	[0.000177 -0.002325]	[-0.000104 0.005297 -0.069739]
8460.000000	[0.000177 -0.002325]	[-0.000104 0.005303 -0.069738]
8490.000000	[0.000177 -0.002324]	[-0.000105 0.005307 -0.069730]
8520.000000	[0.000279 -0.002220]	[-0.000159 0.008383 -0.066604]
8550.000000	[0.000279 -0.002220]	[-0.000159 0.008383 -0.066604]
8580.000000	[0.000279 -0.002226]	[-0.000160 0.008355 -0.066792]
8610.000000	[0.000376 -0.002110]	[-0.000205 0.011285 -0.063286]
8640.000000	[0.000375 -0.002110]	[-0.000205 0.011250 -0.063303]
8670.000000	[0.000375 -0.002110]	[-0.000206 0.011250 -0.063303]
8700.000000	[0.000375 -0.002116]	[-0.000207 0.011256 -0.063476]
8730.000000	[0.000467 -0.001987]	[-0.000243 0.014021 -0.059617]
8760.000000	[0.000466 -0.001994]	[-0.000244 0.013986 -0.059808]
8790.000000	[0.000466 -0.001994]	[-0.000245 0.013986 -0.059808]
8820.000000	[0.000466 -0.001993]	[-0.000246 0.013991 -0.059800]
8850.000000	[0.000467 -0.001993]	[-0.000247 0.013993 -0.059798]
8880.000000	[0.000553 -0.001854]	[-0.000273 0.016576 -0.055610]
8910.000000	[0.000553 -0.001854]	[-0.000274 0.016576 -0.055610]
8940.000000	[0.000551 -0.001860]	[-0.000275 0.016539 -0.055805]
8970.000000	[0.000631 -0.001710]	[-0.000290 0.018930 -0.051308]
9000.000000	[0.000630 -0.001717]	[-0.000292 0.018892 -0.051501]
9030.000000	[0.000630 -0.001717]	[-0.000293 0.018892 -0.051501]
9060.000000	[0.000630 -0.001717]	[-0.000294 0.018896 -0.051497]
9090.000000	[0.000630 -0.001716]	[-0.000295 0.018898 -0.051489]
9120.000000	[0.000703 -0.001557]	[-0.000299 0.021080 -0.046711]
9150.000000	[0.000703 -0.001557]	[-0.000300 0.021080 -0.046711]
9180.000000	[0.000701 -0.001564]	[-0.000302 0.021042 -0.046909]
9210.000000	[0.000767 -0.001396]	[-0.000296 0.023007 -0.041868]
9240.000000	[0.000766 -0.001398]	[-0.000297 0.022969 -0.041925]
9270.000000	[0.000766 -0.001398]	[-0.000298 0.022969 -0.041925]
9300.000000	[0.000766 -0.001402]	[-0.000300 0.022972 -0.042066]
9330.000000	[0.000824 -0.001227]	[-0.000283 0.024707 -0.036799]
9360.000000	[0.000822 -0.001233]	[-0.000285 0.024672 -0.036996]
9390.000000	[0.000822 -0.001233]	[-0.000286 0.024672 -0.036996]
9420.000000	[0.000823 -0.001233]	[-0.000287 0.024675 -0.036987]
9450.000000	[0.000823 -0.001233]	[-0.000287 0.024676 -0.036985]
9480.000000	[0.000872 -0.001051]	[-0.000261 0.026171 -0.031524]
9510.000000	[0.000872 -0.001051]	[-0.000262 0.026171 -0.031524]
9540.000000	[0.000871 -0.001057]	[-0.000264 0.026139 -0.031722]
9570.000000	[0.000913 -0.000870]	[-0.000228 0.027390 -0.026090]
9600.000000	[0.000912 -0.000876]	[-0.000230 0.027362 -0.026281]
9630.000000	[0.000912 -0.000876]	[-0.000231 0.027362 -0.026281]
9660.000000	[0.000912 -0.000876]	[-0.000232 0.027363 -0.026277]
9690.000000	[0.000912 -0.000876]	[-0.000232 0.027364 -0.026270]
9720.000000	[0.000945 -0.000683]	[-0.000188 0.028361 -0.020504]
9750.000000	[0.000945 -0.000683]	[-0.000189 0.028361 -0.020504]
9780.000000	[0.000945 -0.000690]	[-0.000191 0.028338 -0.020695]
9810.000000	[0.000969 -0.000494]	[-0.000141 0.029078 -0.014816]
9840.000000	[0.000969 -0.000497]	[-0.000142 0.029061 -0.014908]
9870.000000	[0.000969 -0.000497]	[-0.000143 0.029061 -0.014908]
9900.000000	[0.000969 -0.000500]	[-0.000144 0.029060 -0.015000]
9930.000000	[0.000985 -0.000302]	[-0.000088 0.029539 -0.009049]
9960.000000	[0.000984 -0.000308]	[-0.000090 0.029527 -0.009226]
9990.000000	[0.000984 -0.000308]	[-0.000091 0.029527 -0.009226]
10020.000000	[0.000984 -0.000307]	[-0.000091 0.029528 -0.009220]
10050.000000	[0.000984 -0.000307]	[-0.000091 0.029528 -0.009220]
10080.000000	[0.000991 -0.000108]	[-0.000032 0.029743 -0.003230]
10110.000000	[0.000991 -0.000108]	[-0.000032 0.029743 -0.003230]
10140.000000	[0.000991 -0.000113]	[-0.000034 0.029737 -0.003400]
10170.000000	[0.000990 -0.000180]	[-0.000054 0.029693 -0.005396]
10200.000000	[0.000990 -0.000178]	[-0.000054 0.029696 -0.005338]
10230.000000	[0.000990 -0.000178]	[-0.000054 0.029696 -0.005338]
10260.000000	[0.000990 -0.000178]	[-0.000054 0.029696 -0.005338]
10290.000000	[0.000990 -0.000178]	[-0.000054 0.029696 -0.005338]
10320.000000	[0.000980 -0.000377]	[-0.000114 0.029386 -0.011314]
10350.000000	[0.000980 -0.000377]	[-0.000115 0.029386 -0.011314]
10380.000000	[0.000980 -0.000371]	[-0.000113 0.029402 -0.011135]
10410.000000	[0.000961 -0.000569]	[-0.000171 0.028830 -0.017062]
10440.000000	[0.000962 -0.000565]	[-0.000170 0.028851 -0.016963]
10470.000000	[0.000962 -0.000565]	[-0.000171 0.028851 -0.016963]
10500.000000	[0.000962 -0.000562]	[-0.000170 0.028852 -0.016872]
10530.000000	[0.000934 -0.000757]	[-0.000223 0.028021 -0.022711]
10560.000000	[0.000935 -0.000750]	[-0.000222 0.028051 -0.022511]
10590.000000	[0.000935 -0.000750]	[-0.000223 0.028051 -0.022511]
10620.000000	[0.000935 -0.000751]	[-0.000224 0.028050 -0.022516]
10650.000000	[0.000935 -0.000750]	[-0.000224 0.028051 -0.022514]
10680.000000	[0.000899 -0.000941]	[-0.000271 0.026966 -0.028231]
10710.000000	[0.000899 -0.000941]	[-0.000272 0.026966 -0.028231]
10740.000000	[0.000900 -0.000934]	[-0.000271 0.027002 -0.028021]
10770.000000	[0.000856 -0.001120]	[-0.000310 0.025668 -0.033594]
10800.000000	[0.000857 -0.001113]	[-0.000309 0.025709 -0.033382]
10830.000000	[0.000857 -0.001113]	[-0.000310 0.025709 -0.033382]
10860.000000	[0.000857 -0.001113]	[-0.000311 0.025709 -0.033384]
10890.000000	[0.000857 -0.001113]	[-0.000312 0.025710 -0.033384]
10920.000000	[0.000805 -0.001293]	[-0.000341 0.024135 -0.038776]
10950.000000	[0.000805 -0.001293]	[-0.000342 0.024135 -0.038776]
10980.000000	[0.000806 -0.001285]	[-0.000341 0.024182 -0.038555]
11010.000000	[0.000746 -0.001458]	[-0.000359 0.022371 -0.043744]
11040.000000	[0.000748 -0.001456]	[-0.000360 0.022423 -0.043670]
11070.000000	[0.000748 -0.001456]	[-0.000361 0.022423 -0.043670]
11100.000000	[0.000680 -0.001616]	[-0.000366 0.020392 -0.048473]
11130.000000	[0.000682 -0.001614]	[-0.000367 0.020447 -0.048413]
11160.000000	[0.000682 -0.001609]	[-0.000367 0.020448 -0.048258]
11190.000000	[0.000682 -0.001609]	[-0.000368 0.020448 -0.048258]
11220.000000	[0.000682 -0.001609]	[-0.000369 0.020448 -0.048258]
11250.000000	[0.000682 -0.001609]	[-0.000370 0.020450 -0.048255]
11280.000000	[0.000607 -0.001765]	[-0.000362 0.018208 -0.052941]
11310.000000	[0.000607 -0.001765]	[-0.000363 0.018208 -0.052941]
11340.000000	[0.000527 -0.001904]	[-0.000342 0.015818 -0.057118]
11370.000000	[0.000529 -0.001902]	[-0.000343 0.015875 -0.057073]
11400.000000	[0.000529 -0.001897]	[-0.000343 0.015874 -0.056905]
11430.000000	[0.000529 -0.001897]	[-0.000344 0.015874 -0.056905]
11460.000000	[0.000529 -0.001897]	[-0.000345 0.015875 -0.056904]
11490.000000	[0.000442 -0.002033]	[-0.000309 0.013246 -0.060992]
11520.000000	[0.000444 -0.002032]	[-0.000312 0.013306 -0.060954]
11550.000000	[0.000444 -0.002032]	[-0.000312 0.013306 -0.060954]
11580.000000	[0.000350 -0.002151]	[-0.000262 0.010500 -0.064532]
11610.000000	[0.000352 -0.002144]	[-0.000263 0.010553 -0.064321]
11640.000000	[0.000352 -0.002144]	[-0.000263 0.010554 -0.064321]
11670.000000	[0.000352 -0.002144]	[-0.000264 0.010554 -0.064321]
11700.000000	[0.000253 -0.002258]	[-0.000201 0.007593 -0.067725]
11730.000000	[0.000255 -0.002257]	[-0.000203 0.007651 -0.067703]
11760.000000	[0.000255 -0.002250]	[-0.000203 0.007650 -0.067514]
11790.000000	[0.000255 -0.002250]	[-0.000203 0.007650 -0.067514]
11820.000000	[0.000152 -0.002351]	[-0.000126 0.004545 -0.070542]
11850.000000	[0.000153 -0.002351]	[-0.000128 0.004599 -0.070532]
11880.000000	[0.000153 -0.002345]	[-0.000128 0.004598 -0.070337]
11910.000000	[0.000153 -0.002345]	[-0.000128 0.004598 -0.070337]
11940.000000	[0.000046 -0.002432]	[-0.000040 0.001367 -0.072975]
11970.000000	[0.000047 -0.002432]	[-0.000041 0.001418 -0.072970]
12000.000000	[0.000047 -0.002426]	[-0.000041 0.001416 -0.072775]
12030.000000	[0.000047 -0.002426]	[-0.000041 0.001416 -0.072775]
12060.000000	[0.000047 -0.002426]	[-0.000041 0.001417 -0.072775]
12090.000000	[-0.000064 -0.002500]	[0.000058 -0.001918 -0.075004]
12120.000000	[-0.000062 -0.002500]	[0.000057 -0.001873 -0.075005]
12150.000000	[-0.000062 -0.002500]	[0.000057 -0.001873 -0.075005]
12180.000000	[-0.000177 -0.002554]	[0.000165 -0.005304 -0.076622]
12210.000000	[-0.000176 -0.002548]	[0.000164 -0.005276 -0.076433]
12240.000000	[-0.000176 -0.002548]	[0.000165 -0.005274 -0.076433]
12270.000000	[-0.000176 -0.002548]	[0.000165 -0.005274 -0.076433]
12300.000000	[-0.000176 -0.002548]	[0.000165 -0.005270 -0.076435]
12330.000000	[-0.000292 -0.002594]	[0.000280 -0.008765 -0.077814]
12360.000000	[-0.000292 -0.002588]	[0.000280 -0.008741 -0.077628]
12390.000000	[-0.000292 -0.002588]	[0.000280 -0.008741 -0.077628]
12420.000000	[-0.000410 -0.002619]	[0.000400 -0.012292 -0.078571]
12450.000000	[-0.000409 -0.002619]	[0.000400 -0.012269 -0.078582]
12480.000000	[-0.000409 -0.002613]	[0.000400 -0.012271 -0.078390]
12510.000000	[-0.000409 -0.002613]	[0.000401 -0.012271 -0.078390]
12540.000000	[-0.000529 -0.002630]	[0.000523 -0.015854 -0.078886]
12570.000000	[-0.000528 -0.002630]	[0.000524 -0.015839 -0.078892]
12600.000000	[-0.000528 -0.002624]	[0.000524 -0.015841 -0.078706]
12630.000000	[-0.000528 -0.002624]	[0.000525 -0.015841 -0.078706]
12660.000000	[-0.000528 -0.002624]	[0.000526 -0.015840 -0.078707]
12690.000000	[-0.000648 -0.002625]	[0.000648 -0.019432 -0.078756]
12720.000000	[-0.000648 -0.002625]	[0.000649 -0.019426 -0.078758]
12750.000000	[-0.000648 -0.002625]	[0.000650 -0.019426 -0.078758]
12780.000000	[-0.000768 -0.002606]	[0.000767 -0.023018 -0.078175]
12810.000000	[-0.000768 -0.002600]	[0.000767 -0.023032 -0.077993]
12840.000000	[-0.000768 -0.002600]	[0.000769 -0.023030 -0.077994]
12870.000000	[-0.000768 -0.002600]	[0.000771 -0.023030 -0.077994]
12900.000000	[-0.000768 -0.002600]	[0.000773 -0.023025 -0.077997]
12930.000000	[-0.000887 -0.002572]	[0.000884 -0.026581 -0.077146]
12960.000000	[-0.000887 -0.002565]	[0.000885 -0.026601 -0.076963]
12990.000000	[-0.000887 -0.002565]	[0.000887 -0.026600 -0.076963]
13020.000000	[-0.001004 -0.002522]	[0.000989 -0.030112 -0.075666]
13050.000000	[-0.001005 -0.002521]	[0.000992 -0.030133 -0.075643]
13080.000000	[-0.001005 -0.002516]	[0.000992 -0.030135 -0.075484]
13110.000000	[-0.001005 -0.002516]	[0.000994 -0.030135 -0.075484]
13140.000000	[-0.001120 -0.002458]	[0.001085 -0.033578 -0.073746]
13170.000000	[-0.001121 -0.002457]	[0.001088 -0.033607 -0.073707]
13200.000000	[-0.001121 -0.002452]	[0.001088 -0.033610 -0.073557]
13230.000000	[-0.001121 -0.002452]	[0.001091 -0.033610 -0.073557]
13260.000000	[-0.001121 -0.002452]	[0.001093 -0.033608 -0.073558]
13290.000000	[-0.001233 -0.002380]	[0.001169 -0.036959 -0.071395]
13320.000000	[-0.001234 -0.002378]	[0.001172 -0.036996 -0.071339]
13350.000000	[-0.001234 -0.002378]	[0.001175 -0.036996 -0.071339]
13380.000000	[-0.001342 -0.002287]	[0.001232 -0.040246 -0.068613]
13410.000000	[-0.001344 -0.002280]	[0.001233 -0.040297 -0.068408]
13440.000000	[-0.001344 -0.002280]	[0.001235 -0.040297 -0.068408]
13470.000000	[-0.001344 -0.002280]	[0.001238 -0.040297 -0.068408]
13500.000000	[-0.001344 -0.002280]	[0.001241 -0.040293 -0.068412]
13530.000000	[-0.001448 -0.002181]	[0.001281 -0.043409 -0.065423]
13560.000000	[-0.001449 -0.002174]	[0.001281 -0.043463 -0.065212]
13590.000000	[-0.001449 -0.002174]	[0.001284 -0.043463 -0.065212]
13620.000000	[-0.001548 -0.002061]	[0.001304 -0.046437 -0.061829]
13650.000000	[-0.001550 -0.002057]	[0.001306 -0.046490 -0.061717]
13680.000000	[-0.001550 -0.002054]	[0.001307 -0.046492 -0.061613]
13710.000000	[-0.001550 -0.002054]	[0.001309 -0.046492 -0.061613]
13740.000000	[-0.001644 -0.001929]	[0.001307 -0.049301 -0.057861]
13770.000000	[-0.001646 -0.001924]	[0.001308 -0.049358 -0.057724]
13800.000000	[-0.001646 -0.001921]	[0.001309 -0.049360 -0.057632]
13830.000000	[-0.001646 -0.001921]	[0.001312 -0.049360 -0.057632]
13860.000000	[-0.001646 -0.001921]	[0.001315 -0.049358 -0.057635]
13890.000000	[-0.001733 -0.001785]	[0.001289 -0.051985 -0.053539]
13920.000000	[-0.001735 -0.001779]	[0.001289 -0.052043 -0.053380]
13950.000000	[-0.001735 -0.001779]	[0.001292 -0.052043 -0.053380]
13980.000000	[-0.001816 -0.001629]	[0.001241 -0.054476 -0.048876]
14010.000000	[-0.001818 -0.001621]	[0.001239 -0.054536 -0.048629]
14040.000000	[-0.001818 -0.001621]	[0.001241 -0.054537 -0.048625]
14070.000000	[-0.001818 -0.001621]	[0.001244 -0.054537 -0.048625]
14100.000000	[-0.001818 -0.001621]	[0.001247 -0.054536 -0.048629]
14130.000000	[-0.001892 -0.001464]	[0.001174 -0.056753 -0.043908]
14160.000000	[-0.001894 -0.001455]	[0.001171 -0.056809 -0.043656]
14190.000000	[-0.001894 -0.001455]	[0.001173 -0.056809 -0.043656]
14220.000000	[-0.001960 -0.001288]	[0.001077 -0.058804 -0.038652]
14250.000000	[-0.001962 -0.001281]	[0.001074 -0.058858 -0.038425]
14280.000000	[-0.001962 -0.001280]	[0.001076 -0.058857 -0.038388]
14310.000000	[-0.001962 -0.001280]	[0.001078 -0.058857 -0.038388]
14340.000000	[-0.002021 -0.001105]	[0.000961 -0.060611 -0.033150]
14370.000000	[-0.002022 -0.001097]	[0.000956 -0.060660 -0.032901]
14400.000000	[-0.002022 -0.001096]	[0.000957 -0.060658 -0.032880]
14430.000000	[-0.002022 -0.001096]	[0.000959 -0.060658 -0.032880]
14460.000000	[-0.002022 -0.001096]	[0.000961 -0.060658 -0.032883]
14490.000000	[-0.002072 -0.000914]	[0.000824 -0.062161 -0.027435]
14520.000000	[-0.002074 -0.000906]	[0.000818 -0.062204 -0.027165]
14550.000000	[-0.002074 -0.000906]	[0.000820 -0.062204 -0.027165]
14580.000000	[-0.002115 -0.000718]	[0.000664 -0.063446 -0.021529]
14610.000000	[-0.002116 -0.000709]	[0.000657 -0.063477 -0.021261]
14640.000000	[-0.002116 -0.000708]	[0.000658 -0.063478 -0.021252]
14670.000000	[-0.002116 -0.000708]	[0.000660 -0.063478 -0.021252]
14700.000000	[-0.002116 -0.000708]	[0.000661 -0.063478 -0.021255]
14730.000000	[-0.002149 -0.000516]	[0.000490 -0.064454 -0.015482]
14760.000000	[-0.002149 -0.000507]	[0.000483 -0.064475 -0.015215]
14790.000000	[-0.002149 -0.000507]	[0.000484 -0.064475 -0.015215]
14820.000000	[-0.002173 -0.000311]	[0.000300 -0.065178 -0.009322]
14850.000000	[-0.002173 -0.000302]	[0.000292 -0.065188 -0.009059]
14880.000000	[-0.002173 -0.000302]	[0.000292 -0.065189 -0.009046]
14910.000000	[-0.002173 -0.000302]	[0.000293 -0.065189 -0.009046]
14940.000000	[-0.002187 -0.000103]	[0.000101 -0.065612 -0.003092]
14970.000000	[-0.002187 -0.000092]	[0.000091 -0.065617 -0.002769]
15000.000000	[-0.002187 -0.000094]	[0.000093 -0.065611 -0.002823]
15030.000000	[-0.002187 -0.000094]	[0.000093 -0.065611 -0.002823]
15060.000000	[-0.002187 -0.000094]	[0.000093 -0.065611 -0.002827]
15090.000000	[-0.002192 0.000106]	[-0.000105 -0.065752 0.003167]
15120.000000	[-0.002192 0.000117]	[-0.000116 -0.065746 0.003498]
15150.000000	[-0.002192 0.000117]	[-0.000116 -0.065746 0.003498]
15180.000000	[-0.002187 0.000314]	[-0.000313 -0.065597 0.009422]
15210.000000	[-0.002186 0.000322]	[-0.000321 -0.065574 0.009653]
15240.000000	[-0.002186 0.000322]	[-0.000322 -0.065573 0.009662]
15270.000000	[-0.002186 0.000322]	[-0.000322 -0.065573 0.009662]
15300.000000	[-0.002186 0.000322]	[-0.000323 -0.065572 0.009664]
15330.000000	[-0.002172 0.000521]	[-0.000520 -0.065147 0.015622]
15360.000000	[-0.002170 0.000528]	[-0.000528 -0.065112 0.015841]
15390.000000	[-0.002170 0.000528]	[-0.000529 -0.065112 0.015841]
15420.000000	[-0.002147 0.000724]	[-0.000719 -0.064406 0.021733]
15450.000000	[-0.002146 0.000735]	[-0.000731 -0.064366 0.022061]
15480.000000	[-0.002145 0.000732]	[-0.000729 -0.064358 0.021955]
15510.000000	[-0.002145 0.000732]	[-0.000731 -0.064358 0.021955]
15540.000000	[-0.002113 0.000924]	[-0.000910 -0.063377 0.027717]
15570.000000	[-0.002111 0.000935]	[-0.000921 -0.063326 0.028036]
15600.000000	[-0.002111 0.000930]	[-0.000919 -0.063318 0.027909]
15630.000000	[-0.002111 0.000930]	[-0.000921 -0.063318 0.027909]
15660.000000	[-0.002111 0.000930]	[-0.000922 -0.063318 0.027906]
15690.000000	[-0.002069 0.001118]	[-0.001089 -0.062068 0.033537]
15720.000000	[-0.002067 0.001128]	[-0.001100 -0.062007 0.033845]
15750.000000	[-0.002067 0.001128]	[-0.001102 -0.062007 0.033845]
15780.000000	[-0.002017 0.001305]	[-0.001246 -0.060487 0.039152]
15810.000000	[-0.002014 0.001309]	[-0.001251 -0.060416 0.039276]
15840.000000	[-0.002014 0.001309]	[-0.001253 -0.060413 0.039281]
15870.000000	[-0.002014 0.001309]	[-0.001256 -0.060413 0.039281]
15900.000000	[-0.002014 0.001310]	[-0.001258 -0.060412 0.039287]
15930.000000	[-0.001955 0.001484]	[-0.001387 -0.058647 0.044522]
15960.000000	[-0.001953 0.001488]	[-0.001391 -0.058568 0.044625]
15990.000000	[-0.001953 0.001488]	[-0.001393 -0.058568 0.044625]
16020.000000	[-0.001886 0.001654]	[-0.001499 -0.056562 0.049616]
16050.000000	[-0.001883 0.001656]	[-0.001502 -0.056479 0.049690]
16080.000000	[-0.001883 0.001657]	[-0.001505 -0.056475 0.049700]
16110.000000	[-0.001883 0.001657]	[-0.001508 -0.056475 0.049700]
16140.000000	[-0.001809 0.001814]	[-0.001588 -0.054242 0.054409]
16170.000000	[-0.001806 0.001821]	[-0.001595 -0.054156 0.054643]
16200.000000	[-0.001806 0.001815]	[-0.001593 -0.054149 0.054462]
16230.000000	[-0.001806 0.001815]	[-0.001596 -0.054149 0.054462]
16260.000000	[-0.001724 0.001962]	[-0.001650 -0.051705 0.058865]
16290.000000	[-0.001721 0.001969]	[-0.001656 -0.051618 0.059077]
16320.000000	[-0.001721 0.001963]	[-0.001654 -0.051612 0.058899]
16350.000000	[-0.001721 0.001963]	[-0.001657 -0.051612 0.058899]
16380.000000	[-0.001633 0.002099]	[-0.001684 -0.048969 0.062964]
16410.000000	[-0.001630 0.002098]	[-0.001684 -0.048884 0.062949]
16440.000000	[-0.001630 0.002098]	[-0.001687 -0.048881 0.062950]
16470.000000	[-0.001630 0.002098]	[-0.001690 -0.048881 0.062950]
16500.000000	[-0.001630 0.002099]	[-0.001693 -0.048878 0.062957]
16530.000000	[-0.001536 0.002223]	[-0.001693 -0.046049 0.066680]
16560.000000	[-0.001533 0.002221]	[-0.001692 -0.045966 0.066638]
16590.000000	[-0.001533 0.002221]	[-0.001695 -0.045966 0.066638]
16620.000000	[-0.001434 0.002333]	[-0.001667 -0.042975 0.069982]
16650.000000	[-0.001431 0.002330]	[-0.001665 -0.042898 0.069912]
16680.000000	[-0.001431 0.002331]	[-0.001668 -0.042895 0.069916]
16710.000000	[-0.001431 0.002331]	[-0.001671 -0.042895 0.069916]
16740.000000	[-0.001326 0.002429]	[-0.001617 -0.039757 0.072865]
16770.000000	[-0.001324 0.002433]	[-0.001620 -0.039680 0.072978]
16800.000000	[-0.001324 0.002426]	[-0.001618 -0.039679 0.072772]
16830.000000	[-0.001324 0.002426]	[-0.001621 -0.039679 0.072772]
16860.000000	[-0.001215 0.002510]	[-0.001542 -0.036418 0.075307]
16890.000000	[-0.001213 0.002513]	[-0.001544 -0.036349 0.075400]
16920.000000	[-0.001213 0.002507]	[-0.001543 -0.036349 0.075201]
16950.000000	[-0.001213 0.002507]	[-0.001545 -0.036349 0.075201]
16980.000000	[-0.001100 0.002577]	[-0.001444 -0.032982 0.077305]
17010.000000	[-0.001099 0.002572]	[-0.001442 -0.032929 0.077168]
17040.000000	[-0.001099 0.002572]	[-0.001444 -0.032928 0.077167]
17070.000000	[-0.001099 0.002572]	[-0.001447 -0.032928 0.077167]
17100.000000	[-0.001099 0.002572]	[-0.001449 -0.032923 0.077173]
17130.000000	[-0.000983 0.002628]	[-0.001327 -0.029464 0.078847]
17160.000000	[-0.000982 0.002623]	[-0.001325 -0.029422 0.078693]
17190.000000	[-0.000982 0.002623]	[-0.001328 -0.029422 0.078693]
17220.000000	[-0.000864 0.002664]	[-0.001189 -0.025901 0.079920]
17250.000000	[-0.000863 0.002658]	[-0.001187 -0.025871 0.079754]
17280.000000	[-0.000863 0.002658]	[-0.001189 -0.025871 0.079754]
17310.000000	[-0.000863 0.002658]	[-0.001191 -0.025870 0.079754]
17340.000000	[-0.000744 0.002684]	[-0.001039 -0.022300 0.080532]
17370.000000	[-0.000743 0.002685]	[-0.001040 -0.022273 0.080550]
17400.000000	[-0.000743 0.002679]	[-0.001039 -0.022277 0.080357]
17430.000000	[-0.000743 0.002679]	[-0.001041 -0.022277 0.080357]
17460.000000	[-0.000743 0.002679]	[-0.001043 -0.022277 0.080357]
17490.000000	[-0.000623 0.002689]	[-0.000879 -0.018681 0.080681]
17520.000000	[-0.000623 0.002690]	[-0.000880 -0.018667 0.080688]
17550.000000	[-0.000623 0.002690]	[-0.000882 -0.018667 0.080688]
17580.000000	[-0.000503 0.002679]	[-0.000711 -0.015077 0.080369]
17610.000000	[-0.000504 0.002673]	[-0.000711 -0.015091 0.080189]
17640.000000	[-0.000504 0.002673]	[-0.000712 -0.015091 0.080189]
17670.000000	[-0.000504 0.002673]	[-0.000713 -0.015091 0.080189]
17700.000000	[-0.000503 0.002673]	[-0.000714 -0.015086 0.080193]
17730.000000	[-0.000384 0.002654]	[-0.000542 -0.011503 0.079606]
17760.000000	[-0.000385 0.002648]	[-0.000542 -0.011524 0.079428]
17790.000000	[-0.000385 0.002648]	[-0.000543 -0.011524 0.079428]
17820.000000	[-0.000266 0.002613]	[-0.000372 -0.007983 0.078399]
17850.000000	[-0.000267 0.002613]	[-0.000374 -0.008006 0.078392]
17880.000000	[-0.000267 0.002608]	[-0.000374 -0.008012 0.078230]
17910.000000	[-0.000267 0.002608]	[-0.000374 -0.008012 0.078230]
17940.000000	[-0.000151 0.002559]	[-0.000208 -0.004526 0.076759]
17970.000000	[-0.000152 0.002558]	[-0.000210 -0.004562 0.076751]
18000.000000	[-0.000152 0.002553]	[-0.000210 -0.004567 0.076601]
